  -1.0600562e-01  -8.1467034e-02  -1.0000000e+00
   1.7792951e-01  -3.4595141e-01  -1.0000000e+00
   1.0216153e-01   7.1825825e-01   1.0000000e+00
   6.9407831e-01   6.2339743e-01  -1.0000000e+00
   2.3541068e-02   7.2743221e-01   1.0000000e+00
  -3.1972776e-01  -8.3411411e-01  -1.0000000e+00
  -1.8674372e-01   5.3887798e-01   1.0000000e+00
  -6.3696719e-01   1.5268485e-01   1.0000000e+00
  -4.7446260e-01   8.5434436e-01   1.0000000e+00
  -3.5627652e-02  -2.7158819e-01  -1.0000000e+00
  -1.4860269e-01   1.6176177e-01  -1.0000000e+00
  -1.8065154e-01  -1.2873906e-01  -1.0000000e+00
  -6.0241113e-01   9.2550746e-01   1.0000000e+00
   6.9808093e-01   7.9474170e-01  -1.0000000e+00
   8.8150888e-01  -2.0124822e-01   1.0000000e+00
